75
42	20	57	12
99	11	55	75
33	66	30	29
46	85	16	45
24	54	9	66
79	60	73	65
12	15	54	35
66	49	12	85
40	51	78	4
35	83	85	87
9	27	93	16
42	75	89	39
65	93	67	74
17	81	7	25
8	1	93	46
4	80	64	81
81	24	14	11
13	10	20	92
27	18	96	40
48	48	40	45
35	53	85	62
43	48	32	20
61	86	97	74
59	66	47	31
91	54	21	74
53	51	72	14
1	43	44	19
94	19	38	18
43	83	79	2
2	37	64	34
66	79	15	61
21	48	54	24
12	84	44	82
59	30	53	98
60	94	68	87
2	94	29	60
100	32	88	12
17	4	19	19
68	20	84	95
8	60	15	11
85	58	91	51
13	55	75	4
83	73	91	90
20	52	80	91
84	90	39	53
44	81	7	21
89	13	25	50
75	43	35	8
88	55	15	2
49	41	47	50
52	49	54	40
69	48	75	62
39	36	91	6
53	6	46	91
15	18	36	7
88	20	48	24
64	65	62	46
68	39	14	86
95	38	70	87
59	23	57	1
11	89	17	53
81	70	58	2
17	91	37	55
6	31	91	87
18	43	29	90
15	79	97	88
19	84	76	3
99	10	78	85
44	43	26	38
90	86	65	4
27	86	21	34
39	67	87	99
74	6	93	70
50	67	12	70
57	18	47	30
