174
12
13
53
78
234
6
1
87
99
4
55
898967
343
6
56
8
34
74
95
5
3
563
45679
367
3
563
12345
0
647
456
847
23456
245
38
83
3
245
625
73645
73
6457435
684
6578
356
73
56
234
52
34
5
23
7
2658
23
9
2
1
45
67456
7
6789
789
0
90
8
4
2
234
52
34
6
783
568
57
98
6
356
7
356
8
67
9
24356
735
62
45
245
7
8
24356
2457
29
367
9
6345
7
3456
7
56
73
56
7
3
8
38
5
6
345
63
45
63
7
8
345
6
345
63
45
6
3
234
5
243
5
2
34
52
5
2
43
234
34
534
273
4657
38
48
37
67345
364
2
5656
3456
3
3456
3456345
45
63
4
77
34
5
45
43
3
4
54
543
5
34
5
34
5
34
56345
345645
63
456
345
6
34
2
34
234